01/06/18 00:00 139.7500000 140.7000000 139.1500000 139.6500000 2284000
04/06/18 00:00 139.9000000 140.3500000 137.1000000 137.1000000 4960900
05/06/18 00:00 137.1000000 139.4500000 137.1000000 139.2500000 3351900
06/06/18 00:00 139.1500000 141.5000000 139.1500000 141.3000000 3750000
07/06/18 00:00 141.6000000 145.8000000 141.2000000 145.0000000 7170600
08/06/18 00:00 144.7500000 145.6000000 142.6500000 143.9000000 5060600
09/06/18 00:00 144.0000000 144.9500000 143.8000000 144.3500000 418100
11/06/18 00:00 144.5000000 145.4500000 141.8000000 142.7000000 3124100
13/06/18 00:00 143.4500000 145.2000000 143.0500000 144.0500000 2452700
14/06/18 00:00 144.1000000 144.5500000 143.2500000 143.5500000 1782100
15/06/18 00:00 143.7500000 144.7500000 139.5000000 140.5000000 5507700
18/06/18 00:00 140.0000000 140.9500000 139.1000000 139.6500000 2319800
19/06/18 00:00 139.6000000 139.9500000 136.3500000 138.0000000 5166700
20/06/18 00:00 138.2500000 141.4000000 138.0000000 141.0000000 2826300
21/06/18 00:00 140.6500000 142.3000000 139.9000000 140.5500000 2715600
22/06/18 00:00 140.5500000 141.3000000 139.8500000 140.5500000 2231500
25/06/18 00:00 141.0000000 143.1000000 139.6000000 140.7500000 4073500
26/06/18 00:00 141.2500000 141.5000000 140.6000000 140.6500000 1532500
27/06/18 00:00 141.4500000 141.4500000 140.0000000 141.1500000 2636600
28/06/18 00:00 141.8000000 142.3000000 139.2500000 139.8000000 3723300
29/06/18 00:00 140.4000000 141.3000000 139.8000000 139.8000000 5094100
02/07/18 00:00 140.3500000 140.6500000 139.8500000 140.1500000 4750500
03/07/18 00:00 140.4000000 143.2500000 140.0000000 143.0500000 6691400
04/07/18 00:00 143.2500000 143.4500000 138.4000000 140.0000000 14123800
05/07/18 00:00 128.9500000 129.2000000 125.2500000 129.2000000 16157500
06/07/18 00:00 128.9500000 130.8500000 128.3500000 129.5500000 5897600
09/07/18 00:00 129.5500000 130.4000000 127.2500000 128.3000000 6006800
10/07/18 00:00 128.4000000 128.4000000 126.5500000 126.5500000 4064700
11/07/18 00:00 126.7500000 126.8000000 124.2500000 124.3000000 5049300
12/07/18 00:00 124.8000000 126.2500000 123.5000000 124.8000000 4507200
13/07/18 00:00 125.0500000 125.8500000 123.1000000 123.2500000 5899300
16/07/18 00:00 123.2500000 124.1000000 122.6000000 123.0000000 4349900
17/07/18 00:00 123.0000000 125.1500000 120.8000000 124.2500000 6205100
18/07/18 00:00 124.5500000 125.3000000 122.5500000 123.0000000 4484900
19/07/18 00:00 123.0000000 123.1000000 120.3000000 121.0000000 2998500
20/07/18 00:00 121.0000000 122.3000000 120.1000000 121.4500000 2822800
23/07/18 00:00 121.8500000 123.8000000 121.6000000 123.8000000 3533100
24/07/18 00:00 124.0000000 124.7500000 122.1500000 122.1500000 2402700
25/07/18 00:00 122.0500000 122.2500000 120.6500000 121.3000000 2537600
26/07/18 00:00 121.7000000 122.8500000 121.3500000 122.7000000 3057100
27/07/18 00:00 122.7000000 123.5000000 121.5000000 122.2000000 1668400
30/07/18 00:00 121.7500000 122.7500000 121.3500000 121.7000000 1852300
31/07/18 00:00 121.8500000 123.0000000 121.3500000 122.9500000 2165400
01/08/18 00:00 122.9500000 125.0000000 121.0000000 121.0000000 4676700
02/08/18 00:00 120.5000000 120.6000000 115.8000000 116.0000000 10295400
03/08/18 00:00 116.2000000 118.1000000 113.6500000 118.1000000 5793400
06/08/18 00:00 118.2500000 118.8500000 113.7500000 114.3000000 4263000
07/08/18 00:00 114.6000000 115.8500000 113.5000000 114.2500000 2203800
08/08/18 00:00 114.2500000 114.8500000 111.0000000 111.8500000 4950200
09/08/18 00:00 108.0000000 111.6500000 98.1500000 109.7000000 21604300
10/08/18 00:00 109.7000000 110.2500000 104.6500000 105.0000000 5766400
13/08/18 00:00 104.5000000 107.0500000 103.5500000 105.7500000 3669700
14/08/18 00:00 106.1500000 107.2500000 105.0000000 107.2500000 2038400
15/08/18 00:00 107.6500000 115.7500000 107.1500000 107.4000000 14744700
16/08/18 00:00 108.3000000 110.8000000 106.3000000 110.5000000 5634000
17/08/18 00:00 110.5000000 111.5000000 108.1000000 109.0000000 2653000
20/08/18 00:00 109.8500000 110.4000000 108.5000000 108.9500000 1186400
21/08/18 00:00 109.4000000 109.5000000 106.8000000 108.3500000 2511100
22/08/18 00:00 108.0500000 108.8000000 107.1000000 108.6000000 1622800
23/08/18 00:00 108.1000000 108.5000000 105.2000000 105.6500000 2714400
24/08/18 00:00 105.0000000 106.1000000 100.6500000 104.4500000 4855100
27/08/18 00:00 104.5000000 106.5000000 104.2500000 106.2000000 1629300
28/08/18 00:00 106.3000000 107.7000000 106.1000000 106.5500000 1731100
29/08/18 00:00 106.3000000 111.8000000 105.5000000 111.8000000 2999700
30/08/18 00:00 112.3000000 119.8000000 111.7500000 115.5000000 17163600
31/08/18 00:00 115.5500000 115.9500000 112.6000000 115.5000000 4641000
03/09/18 00:00 115.1000000 115.7000000 113.8000000 114.5500000 1186900
04/09/18 00:00 114.7000000 115.4500000 111.2000000 112.7500000 2792400
05/09/18 00:00 112.4000000 113.0000000 110.5500000 111.5000000 2281500
06/09/18 00:00 111.3500000 111.4000000 108.1000000 108.1000000 2419200
07/09/18 00:00 108.1000000 109.7000000 107.5500000 108.5500000 1797900
10/09/18 00:00 109.1500000 109.4500000 105.6500000 106.5000000 2084900
11/09/18 00:00 105.9500000 106.5000000 104.5500000 105.1000000 2771000
12/09/18 00:00 105.5000000 108.0000000 103.3000000 107.2000000 4135600
13/09/18 00:00 107.4500000 109.5000000 106.1000000 107.1000000 4538200
14/09/18 00:00 107.0000000 107.2500000 104.8000000 105.7500000 3441400
17/09/18 00:00 105.7500000 106.8500000 105.2000000 106.0500000 1676100
18/09/18 00:00 106.1500000 109.5000000 106.0000000 109.1500000 5292600
19/09/18 00:00 109.5000000 113.5000000 108.6000000 111.4000000 6485900
20/09/18 00:00 111.7500000 112.5500000 110.2000000 111.0000000 6682700
21/09/18 00:00 110.6000000 111.0000000 108.2500000 111.0000000 3893100
24/09/18 00:00 110.7000000 111.3000000 108.5500000 108.9500000 3315300
25/09/18 00:00 108.9500000 109.3500000 106.6000000 106.6500000 4140000
26/09/18 00:00 106.9000000 107.5000000 106.0000000 106.7000000 2705500
27/09/18 00:00 106.6000000 108.4500000 106.2000000 107.0500000 3438600
28/09/18 00:00 107.6500000 107.6500000 105.2500000 106.5500000 3213400
01/10/18 00:00 106.6000000 106.8500000 105.8000000 106.2000000 1531400
02/10/18 00:00 106.2500000 107.9500000 105.5500000 106.4000000 2310000
03/10/18 00:00 106.8500000 107.6000000 106.1000000 107.1000000 2022400
04/10/18 00:00 106.9500000 108.2000000 106.4000000 106.4000000 2394700
05/10/18 00:00 106.3000000 106.3500000 103.4500000 104.6500000 3227600
08/10/18 00:00 104.6000000 104.7000000 101.5000000 102.6500000 3265200
09/10/18 00:00 103.1000000 103.9500000 102.0500000 102.1000000 2079200
10/10/18 00:00 102.0000000 105.0500000 101.7000000 102.1500000 3406700
11/10/18 00:00 101.0000000 102.1500000 100.1000000 100.9000000 3521500
12/10/18 00:00 101.0000000 104.1500000 101.0000000 102.0000000 3196300
15/10/18 00:00 101.9000000 102.9000000 100.1500000 100.1500000 3406500
16/10/18 00:00 100.2500000 101.2500000 98.5000000 99.0000000 4330300
17/10/18 00:00 99.8500000 100.4500000 97.6500000 98.0000000 3678700
18/10/18 00:00 97.6500000 97.8500000 95.2000000 96.0000000 6676400
19/10/18 00:00 95.8500000 97.2500000 94.7000000 95.5000000 4037500
22/10/18 00:00 94.9000000 96.7000000 91.5000000 92.4000000 4342600
23/10/18 00:00 91.5000000 92.4500000 89.4500000 92.3000000 5656000
24/10/18 00:00 92.7000000 94.0000000 91.8000000 92.9000000 4357100
25/10/18 00:00 91.6000000 93.8000000 90.6500000 91.8500000 3116800
26/10/18 00:00 92.0000000 92.5000000 89.9500000 91.6000000 3430200
29/10/18 00:00 90.4000000 94.7000000 90.4000000 94.0500000 5136900
30/10/18 00:00 94.1500000 98.2500000 93.7000000 98.2500000 7256300
31/10/18 00:00 98.4500000 99.9000000 96.5000000 97.2500000 7430600
01/11/18 00:00 97.8800000 98.5000000 96.0000000 96.8800000 5811400
