01/06/18 00:00 354.0000000 356.5000000 348.0000000 352.0000000 23240
04/06/18 00:00 351.5000000 361.5000000 350.5000000 359.0000000 39875
05/06/18 00:00 358.0000000 368.5000000 356.5000000 364.0000000 105596
06/06/18 00:00 367.5000000 369.0000000 353.5000000 354.0000000 16533
07/06/18 00:00 354.0000000 382.5000000 354.0000000 382.5000000 211144
08/06/18 00:00 381.5000000 383.5000000 370.0000000 373.0000000 62641
09/06/18 00:00 379.0000000 379.0000000 370.0000000 374.0000000 2939
11/06/18 00:00 376.0000000 383.0000000 371.5000000 375.5000000 9500
13/06/18 00:00 380.0000000 384.0000000 377.0000000 379.5000000 19691
14/06/18 00:00 380.0000000 392.0000000 370.0000000 382.5000000 85167
15/06/18 00:00 385.0000000 393.0000000 381.5000000 385.0000000 40898
18/06/18 00:00 386.0000000 398.5000000 385.0000000 389.5000000 37945
19/06/18 00:00 391.5000000 395.0000000 381.0000000 389.0000000 26047
20/06/18 00:00 389.5000000 393.5000000 361.5000000 367.0000000 80266
21/06/18 00:00 368.5000000 376.5000000 367.5000000 376.0000000 41094
22/06/18 00:00 380.5000000 382.0000000 357.5000000 361.5000000 59297
25/06/18 00:00 360.0000000 361.5000000 355.0000000 359.0000000 28376
26/06/18 00:00 361.0000000 363.5000000 351.5000000 354.5000000 44846
27/06/18 00:00 352.5000000 355.5000000 351.0000000 353.5000000 18427
28/06/18 00:00 351.0000000 353.5000000 348.0000000 352.5000000 14526
29/06/18 00:00 352.5000000 352.5000000 346.5000000 350.0000000 42502
02/07/18 00:00 348.0000000 354.0000000 348.0000000 351.0000000 24153
03/07/18 00:00 350.0000000 350.5000000 347.0000000 349.0000000 15643
04/07/18 00:00 347.0000000 348.0000000 343.0000000 347.5000000 48093
05/07/18 00:00 345.0000000 349.5000000 339.5000000 343.5000000 62347
06/07/18 00:00 341.5000000 341.5000000 336.0000000 340.0000000 65116
09/07/18 00:00 340.5000000 340.5000000 334.0000000 338.5000000 58876
10/07/18 00:00 336.5000000 339.5000000 335.0000000 337.0000000 55916
11/07/18 00:00 337.5000000 337.5000000 330.0000000 332.0000000 58509
12/07/18 00:00 334.0000000 336.0000000 327.0000000 332.0000000 41341
13/07/18 00:00 334.0000000 334.0000000 326.5000000 329.5000000 35852
16/07/18 00:00 331.0000000 336.0000000 327.0000000 330.0000000 55894
17/07/18 00:00 329.0000000 330.0000000 324.5000000 327.5000000 54962
18/07/18 00:00 326.0000000 333.0000000 324.5000000 331.5000000 48884
19/07/18 00:00 334.0000000 338.5000000 328.0000000 330.0000000 72340
20/07/18 00:00 330.0000000 330.0000000 323.0000000 326.0000000 53096
23/07/18 00:00 326.0000000 331.0000000 324.5000000 331.0000000 48089
24/07/18 00:00 334.0000000 334.5000000 322.0000000 329.0000000 56098
25/07/18 00:00 325.5000000 328.0000000 321.0000000 323.0000000 51489
26/07/18 00:00 323.0000000 327.5000000 323.0000000 325.5000000 37339
27/07/18 00:00 327.5000000 327.5000000 319.5000000 322.0000000 54399
30/07/18 00:00 323.0000000 323.0000000 312.5000000 315.0000000 84362
31/07/18 00:00 316.0000000 316.0000000 311.0000000 312.0000000 26993
01/08/18 00:00 312.0000000 315.5000000 310.0000000 314.0000000 36843
02/08/18 00:00 313.0000000 313.5000000 308.5000000 309.0000000 54499
03/08/18 00:00 310.5000000 317.5000000 310.5000000 315.5000000 61556
06/08/18 00:00 317.0000000 319.5000000 315.5000000 318.5000000 21279
07/08/18 00:00 319.0000000 323.0000000 315.0000000 317.0000000 36411
08/08/18 00:00 315.0000000 324.0000000 315.0000000 321.5000000 55666
09/08/18 00:00 323.5000000 326.5000000 315.5000000 320.5000000 49800
10/08/18 00:00 320.5000000 323.0000000 312.5000000 314.5000000 38888
13/08/18 00:00 316.0000000 318.0000000 309.0000000 310.0000000 50396
14/08/18 00:00 312.0000000 313.0000000 302.5000000 305.0000000 96893
15/08/18 00:00 305.0000000 306.5000000 300.5000000 302.0000000 29407
16/08/18 00:00 303.5000000 304.5000000 290.0000000 297.0000000 159050
17/08/18 00:00 295.5000000 300.0000000 282.5000000 286.0000000 144958
20/08/18 00:00 286.0000000 292.5000000 281.5000000 289.0000000 165844
21/08/18 00:00 291.0000000 299.0000000 289.5000000 298.5000000 53561
22/08/18 00:00 298.0000000 302.0000000 289.5000000 295.0000000 59514
23/08/18 00:00 296.0000000 297.0000000 288.5000000 288.5000000 57928
24/08/18 00:00 291.0000000 291.5000000 283.0000000 286.0000000 47364
27/08/18 00:00 286.0000000 295.0000000 286.0000000 294.0000000 15429
28/08/18 00:00 295.5000000 296.5000000 285.5000000 288.0000000 58130
29/08/18 00:00 288.5000000 295.0000000 285.0000000 288.0000000 126097
30/08/18 00:00 288.0000000 290.0000000 284.0000000 286.5000000 32662
31/08/18 00:00 285.5000000 293.0000000 282.5000000 287.0000000 82631
03/09/18 00:00 287.0000000 291.5000000 284.5000000 288.0000000 17070
04/09/18 00:00 288.0000000 291.0000000 284.0000000 286.0000000 67430
05/09/18 00:00 287.5000000 288.0000000 280.0000000 282.5000000 64521
06/09/18 00:00 282.5000000 284.0000000 274.0000000 276.5000000 94139
07/09/18 00:00 276.5000000 276.5000000 263.0000000 270.0000000 100166
10/09/18 00:00 273.5000000 276.0000000 265.5000000 270.5000000 60581
11/09/18 00:00 268.0000000 270.5000000 259.0000000 261.5000000 74530
12/09/18 00:00 263.0000000 265.5000000 259.0000000 262.5000000 37464
13/09/18 00:00 258.5000000 266.0000000 258.0000000 259.0000000 88470
14/09/18 00:00 259.0000000 268.0000000 257.0000000 258.5000000 89892
17/09/18 00:00 258.5000000 261.0000000 254.5000000 258.5000000 126094
18/09/18 00:00 258.5000000 264.0000000 255.5000000 257.5000000 148113
19/09/18 00:00 258.0000000 263.0000000 257.5000000 263.0000000 134109
20/09/18 00:00 262.5000000 265.5000000 259.5000000 262.5000000 432558
21/09/18 00:00 263.0000000 264.5000000 254.5000000 259.5000000 284698
24/09/18 00:00 261.5000000 262.0000000 250.0000000 252.0000000 310805
25/09/18 00:00 252.5000000 255.0000000 251.5000000 254.0000000 154644
26/09/18 00:00 253.0000000 254.0000000 242.5000000 247.5000000 225903
27/09/18 00:00 248.0000000 248.0000000 238.0000000 240.0000000 174506
28/09/18 00:00 239.5000000 242.0000000 231.5000000 231.5000000 216190
01/10/18 00:00 236.0000000 238.0000000 233.0000000 235.0000000 299601
02/10/18 00:00 235.0000000 236.5000000 225.0000000 226.5000000 143033
03/10/18 00:00 227.5000000 232.5000000 226.0000000 232.0000000 97879
04/10/18 00:00 232.5000000 239.0000000 231.0000000 235.0000000 87729
05/10/18 00:00 234.5000000 235.0000000 228.5000000 233.0000000 191533
08/10/18 00:00 236.0000000 239.0000000 233.5000000 235.5000000 58485
09/10/18 00:00 237.5000000 239.0000000 231.0000000 231.0000000 69274
10/10/18 00:00 233.0000000 234.0000000 221.0000000 223.5000000 141359
11/10/18 00:00 220.5000000 229.5000000 214.5000000 227.0000000 257868
12/10/18 00:00 227.0000000 236.0000000 227.0000000 227.5000000 97219
15/10/18 00:00 229.0000000 233.0000000 223.5000000 226.5000000 70221
16/10/18 00:00 226.5000000 230.5000000 225.5000000 229.0000000 147204
17/10/18 00:00 230.0000000 236.5000000 228.0000000 234.5000000 100106
18/10/18 00:00 235.0000000 236.5000000 227.0000000 232.5000000 108309
19/10/18 00:00 231.5000000 231.5000000 228.0000000 228.0000000 106814
22/10/18 00:00 229.5000000 234.0000000 228.0000000 231.0000000 67541
23/10/18 00:00 232.5000000 232.5000000 227.5000000 230.0000000 39668
24/10/18 00:00 230.5000000 239.5000000 228.5000000 239.0000000 141443
25/10/18 00:00 236.0000000 244.5000000 234.5000000 242.0000000 119039
26/10/18 00:00 242.0000000 243.0000000 235.0000000 237.5000000 56956
29/10/18 00:00 237.0000000 253.5000000 237.0000000 250.5000000 314393
30/10/18 00:00 251.0000000 252.0000000 237.0000000 239.5000000 345431
31/10/18 00:00 240.5000000 245.0000000 233.5000000 237.5000000 187628
01/11/18 00:00 238.0000000 240.9000000 236.4000000 238.4000000 99122
