01/06/18 00:00 4200.5000000 4258.0000000 4180.5000000 4205.5000000 749537
04/06/18 00:00 4224.5000000 4304.5000000 4224.5000000 4299.0000000 747434
05/06/18 00:00 4297.5000000 4313.5000000 4248.5000000 4278.0000000 1061031
06/06/18 00:00 4285.0000000 4285.0000000 4212.5000000 4264.5000000 523800
07/06/18 00:00 4270.0000000 4292.0000000 4250.0000000 4250.0000000 517950
08/06/18 00:00 4235.0000000 4282.5000000 4159.5000000 4159.5000000 939614
09/06/18 00:00 4172.5000000 4198.0000000 4168.5000000 4193.0000000 52580
11/06/18 00:00 4194.0000000 4199.5000000 4140.0000000 4159.5000000 301376
13/06/18 00:00 4181.5000000 4208.5000000 4140.0000000 4140.0000000 771934
14/06/18 00:00 4123.0000000 4136.0000000 4083.0000000 4090.0000000 564758
15/06/18 00:00 4102.5000000 4137.0000000 4053.0000000 4055.0000000 1592254
18/06/18 00:00 4039.0000000 4082.0000000 4018.0000000 4045.5000000 576631
19/06/18 00:00 4031.0000000 4108.5000000 4006.0000000 4091.0000000 833354
20/06/18 00:00 4106.0000000 4161.5000000 4097.5000000 4132.0000000 792489
21/06/18 00:00 4135.0000000 4171.5000000 4117.5000000 4135.0000000 693357
22/06/18 00:00 4155.0000000 4189.0000000 4125.0000000 4125.0000000 672993
25/06/18 00:00 4113.0000000 4167.5000000 4110.0000000 4140.0000000 489174
26/06/18 00:00 4151.0000000 4173.0000000 4128.0000000 4154.0000000 420364
27/06/18 00:00 4173.5000000 4259.0000000 4172.0000000 4222.0000000 592971
28/06/18 00:00 4220.0000000 4272.0000000 4212.5000000 4230.5000000 677872
29/06/18 00:00 4255.0000000 4355.0000000 4250.5000000 4350.0000000 1011367
02/07/18 00:00 4339.0000000 4401.0000000 4319.5000000 4376.0000000 853290
03/07/18 00:00 4366.0000000 4393.0000000 4322.0000000 4325.0000000 549349
04/07/18 00:00 4334.5000000 4349.5000000 4326.5000000 4334.5000000 152187
05/07/18 00:00 4331.0000000 4462.0000000 4326.0000000 4462.0000000 693200
06/07/18 00:00 4452.0000000 4452.0000000 4351.5000000 4415.5000000 740949
09/07/18 00:00 4410.5000000 4460.0000000 4410.0000000 4452.0000000 646440
10/07/18 00:00 4369.0000000 4409.5000000 4336.0000000 4355.0000000 1009272
11/07/18 00:00 4343.0000000 4350.0000000 4280.0000000 4280.0000000 594089
12/07/18 00:00 4273.0000000 4302.5000000 4223.0000000 4236.0000000 704863
13/07/18 00:00 4245.0000000 4333.5000000 4244.5000000 4319.0000000 556147
16/07/18 00:00 4320.0000000 4347.0000000 4265.0000000 4300.5000000 460353
17/07/18 00:00 4287.5000000 4287.5000000 4200.0000000 4262.5000000 562882
18/07/18 00:00 4269.0000000 4308.5000000 4240.0000000 4299.0000000 604992
19/07/18 00:00 4295.5000000 4334.0000000 4269.5000000 4334.0000000 577605
20/07/18 00:00 4340.0000000 4357.5000000 4286.0000000 4300.0000000 583318
23/07/18 00:00 4295.0000000 4382.5000000 4276.5000000 4340.0000000 441906
24/07/18 00:00 4360.0000000 4360.0000000 4317.5000000 4322.0000000 334112
25/07/18 00:00 4312.0000000 4396.0000000 4305.0000000 4385.0000000 470637
26/07/18 00:00 4400.0000000 4421.0000000 4387.5000000 4420.0000000 526279
27/07/18 00:00 4417.5000000 4426.0000000 4383.0000000 4425.0000000 359005
30/07/18 00:00 4400.5000000 4430.0000000 4370.5000000 4410.0000000 443180
31/07/18 00:00 4400.5000000 4488.0000000 4377.5000000 4451.5000000 803941
01/08/18 00:00 4460.0000000 4509.0000000 4454.5000000 4494.0000000 512006
02/08/18 00:00 4483.0000000 4527.0000000 4478.0000000 4501.5000000 442819
03/08/18 00:00 4485.5000000 4529.0000000 4467.5000000 4499.5000000 479732
06/08/18 00:00 4501.5000000 4517.0000000 4450.0000000 4479.0000000 410159
07/08/18 00:00 4479.0000000 4539.0000000 4472.0000000 4520.0000000 428156
08/08/18 00:00 4520.0000000 4525.0000000 4448.0000000 4499.0000000 536679
09/08/18 00:00 4490.0000000 4598.0000000 4490.0000000 4598.0000000 700909
10/08/18 00:00 4591.0000000 4648.0000000 4546.0000000 4577.0000000 669231
13/08/18 00:00 4551.0000000 4601.5000000 4521.5000000 4541.0000000 728252
14/08/18 00:00 4560.0000000 4579.0000000 4452.5000000 4460.0000000 754314
15/08/18 00:00 4454.0000000 4465.0000000 4361.5000000 4428.5000000 885542
16/08/18 00:00 4428.5000000 4440.0000000 4351.5000000 4396.0000000 435443
17/08/18 00:00 4388.0000000 4418.0000000 4358.0000000 4375.0000000 435001
20/08/18 00:00 4395.0000000 4425.0000000 4370.0000000 4386.0000000 268771
21/08/18 00:00 4393.5000000 4466.5000000 4353.0000000 4465.0000000 511213
22/08/18 00:00 4472.0000000 4512.5000000 4449.0000000 4512.5000000 507659
23/08/18 00:00 4512.5000000 4541.0000000 4421.0000000 4450.0000000 656188
24/08/18 00:00 4450.0000000 4531.5000000 4423.0000000 4500.5000000 629340
27/08/18 00:00 4502.0000000 4577.0000000 4492.0000000 4577.0000000 249895
28/08/18 00:00 4581.0000000 4598.0000000 4545.0000000 4587.5000000 405312
29/08/18 00:00 4590.0000000 4687.5000000 4585.0000000 4638.5000000 640827
30/08/18 00:00 4653.0000000 4738.0000000 4640.5000000 4702.0000000 687408
31/08/18 00:00 4695.0000000 4719.5000000 4663.0000000 4700.5000000 711447
03/09/18 00:00 4690.5000000 4749.0000000 4685.5000000 4728.0000000 287151
04/09/18 00:00 4746.5000000 4762.5000000 4704.5000000 4717.0000000 351573
05/09/18 00:00 4704.0000000 4710.5000000 4637.0000000 4637.0000000 528439
06/09/18 00:00 4630.0000000 4650.0000000 4594.0000000 4610.5000000 581661
07/09/18 00:00 4622.0000000 4649.0000000 4547.0000000 4623.0000000 603367
10/09/18 00:00 4643.0000000 4715.0000000 4643.0000000 4688.5000000 410618
11/09/18 00:00 4677.0000000 4746.5000000 4665.5000000 4706.5000000 766121
12/09/18 00:00 4706.0000000 4744.5000000 4622.5000000 4622.5000000 586148
13/09/18 00:00 4622.5000000 4688.5000000 4608.0000000 4659.0000000 586466
14/09/18 00:00 4650.0000000 4670.0000000 4603.0000000 4604.0000000 441501
17/09/18 00:00 4607.0000000 4643.0000000 4572.0000000 4631.0000000 454145
18/09/18 00:00 4630.0000000 4697.0000000 4601.5000000 4685.0000000 698648
19/09/18 00:00 4692.0000000 4726.5000000 4673.5000000 4719.0000000 609368
20/09/18 00:00 4709.5000000 4735.0000000 4676.5000000 4701.0000000 1675912
21/09/18 00:00 4695.0000000 4755.0000000 4678.5000000 4737.5000000 1411674
24/09/18 00:00 4746.0000000 4798.0000000 4724.5000000 4780.0000000 614783
25/09/18 00:00 4797.5000000 4900.0000000 4780.0000000 4900.0000000 720923
26/09/18 00:00 4895.5000000 4908.5000000 4777.0000000 4828.5000000 933935
27/09/18 00:00 4821.0000000 4952.5000000 4813.0000000 4952.0000000 1132248
28/09/18 00:00 4945.0000000 5042.5000000 4930.5000000 5022.0000000 761228
01/10/18 00:00 5045.0000000 5115.0000000 4980.0000000 5016.0000000 944424
02/10/18 00:00 5035.0000000 5037.5000000 4877.0000000 4898.5000000 842097
03/10/18 00:00 4912.5000000 5055.0000000 4905.0000000 5035.0000000 1026867
04/10/18 00:00 5022.5000000 5035.0000000 4956.0000000 4990.0000000 804072
05/10/18 00:00 4983.0000000 5043.5000000 4962.5000000 4987.0000000 503045
08/10/18 00:00 4982.5000000 5015.0000000 4941.5000000 4966.0000000 381816
09/10/18 00:00 4981.5000000 5031.0000000 4970.5000000 4971.5000000 436439
10/10/18 00:00 4993.0000000 4993.5000000 4901.5000000 4901.5000000 393776
11/10/18 00:00 4840.0000000 4883.0000000 4770.5000000 4804.0000000 945898
12/10/18 00:00 4850.0000000 4880.5000000 4806.0000000 4806.0000000 477708
15/10/18 00:00 4837.0000000 4837.0000000 4733.0000000 4747.0000000 435021
16/10/18 00:00 4755.0000000 4797.0000000 4721.5000000 4795.0000000 467828
17/10/18 00:00 4819.0000000 4832.5000000 4732.0000000 4773.0000000 394493
18/10/18 00:00 4760.0000000 4770.0000000 4682.0000000 4694.5000000 457530
19/10/18 00:00 4700.0000000 4750.0000000 4665.5000000 4693.0000000 660853
22/10/18 00:00 4706.0000000 4725.0000000 4635.5000000 4673.5000000 383618
23/10/18 00:00 4692.5000000 4896.0000000 4692.5000000 4770.0000000 2788433
24/10/18 00:00 4824.0000000 4995.0000000 4798.0000000 4995.0000000 6610685
25/10/18 00:00 4940.0000000 4968.0000000 4886.0000000 4943.0000000 1786287
26/10/18 00:00 4921.0000000 4924.5000000 4806.0000000 4888.5000000 1084957
29/10/18 00:00 4885.0000000 4926.5000000 4856.0000000 4872.5000000 623901
30/10/18 00:00 4840.5000000 4855.0000000 4726.0000000 4778.5000000 839558
31/10/18 00:00 4801.0000000 4946.0000000 4801.0000000 4945.0000000 798685
01/11/18 00:00 4907.5000000 5004.0000000 4861.5000000 4937.0000000 694601
