01/06/18 00:00 474.9000000 481.0000000 473.3000000 478.0000000 147760
04/06/18 00:00 480.8000000 485.3000000 476.8000000 477.4000000 78830
05/06/18 00:00 476.4000000 480.5000000 474.5000000 475.5000000 243700
06/06/18 00:00 475.0000000 476.4000000 470.8000000 473.0000000 97760
07/06/18 00:00 474.7000000 474.7000000 470.0000000 473.3000000 101620
08/06/18 00:00 470.5000000 474.5000000 460.7000000 464.0000000 307990
09/06/18 00:00 465.0000000 468.1000000 460.8000000 463.4000000 32440
11/06/18 00:00 465.0000000 468.0000000 460.5000000 465.1000000 75500
13/06/18 00:00 467.5000000 473.0000000 465.5000000 469.4000000 168540
14/06/18 00:00 463.3000000 484.8000000 463.3000000 481.1000000 495800
15/06/18 00:00 481.9000000 493.0000000 477.2000000 488.0000000 1020620
18/06/18 00:00 488.5000000 493.5000000 472.0000000 491.1000000 996800
19/06/18 00:00 491.0000000 492.0000000 478.5000000 486.0000000 951080
20/06/18 00:00 484.5000000 492.0000000 482.6000000 490.0000000 597830
21/06/18 00:00 488.2000000 495.0000000 487.6000000 491.6000000 469740
22/06/18 00:00 491.5000000 499.5000000 489.0000000 498.7000000 655180
25/06/18 00:00 490.2000000 500.7000000 490.2000000 495.5000000 170720
26/06/18 00:00 497.0000000 500.3000000 495.3000000 497.3000000 132710
27/06/18 00:00 500.4000000 507.0000000 495.1000000 500.0000000 125560
28/06/18 00:00 498.6000000 499.9000000 495.0000000 498.0000000 193070
29/06/18 00:00 499.6000000 504.9000000 495.0000000 504.0000000 213800
02/07/18 00:00 503.9000000 514.8000000 500.3000000 514.8000000 330420
03/07/18 00:00 513.5000000 514.8000000 508.0000000 508.5000000 189970
04/07/18 00:00 508.1000000 514.9000000 507.5000000 513.5000000 133920
05/07/18 00:00 514.0000000 518.9000000 510.1000000 516.3000000 108040
06/07/18 00:00 516.0000000 521.7000000 510.7000000 520.9000000 168130
09/07/18 00:00 521.9000000 525.1000000 518.5000000 523.3000000 205740
10/07/18 00:00 521.6000000 524.9000000 507.2000000 509.1000000 188280
11/07/18 00:00 507.0000000 507.1000000 500.2000000 502.1000000 459250
12/07/18 00:00 502.1000000 506.8000000 500.2000000 500.2000000 428540
13/07/18 00:00 501.8000000 509.1000000 490.4000000 504.0000000 1055810
16/07/18 00:00 558.4000000 589.9000000 557.7000000 584.4000000 4482090
17/07/18 00:00 584.7000000 589.5000000 584.0000000 585.0000000 1821710
18/07/18 00:00 584.9000000 593.0000000 583.1000000 592.5000000 2246420
19/07/18 00:00 590.0000000 595.5000000 590.0000000 594.0000000 4022420
20/07/18 00:00 593.0000000 595.3000000 592.1000000 592.5000000 1985080
23/07/18 00:00 589.8000000 593.4000000 587.6000000 591.1000000 1321610
24/07/18 00:00 588.6000000 591.5000000 587.0000000 587.9000000 464730
25/07/18 00:00 589.5000000 591.9000000 587.1000000 589.8000000 1027490
26/07/18 00:00 589.3000000 590.8000000 587.5000000 590.8000000 639670
27/07/18 00:00 590.9000000 590.9000000 586.9000000 588.0000000 1035850
30/07/18 00:00 587.1000000 588.5000000 581.6000000 586.2000000 932710
31/07/18 00:00 584.0000000 590.0000000 582.0000000 590.0000000 1577180
01/08/18 00:00 590.0000000 590.1000000 586.4000000 590.0000000 270560
02/08/18 00:00 589.8000000 596.6000000 589.8000000 596.0000000 449930
03/08/18 00:00 595.1000000 597.3000000 595.0000000 597.0000000 348360
06/08/18 00:00 597.0000000 602.9000000 596.5000000 602.3000000 586140
07/08/18 00:00 600.6000000 602.9000000 597.1000000 601.9000000 164180
08/08/18 00:00 600.1000000 614.5000000 599.6000000 614.5000000 721270
09/08/18 00:00 615.1000000 627.5000000 615.1000000 620.4000000 800540
10/08/18 00:00 622.6000000 633.9000000 617.8000000 630.0000000 921440
13/08/18 00:00 629.9000000 637.8000000 626.7000000 632.0000000 523020
14/08/18 00:00 628.0000000 628.0000000 620.0000000 623.5000000 361730
15/08/18 00:00 621.9000000 639.0000000 620.8000000 639.0000000 665710
16/08/18 00:00 638.8000000 638.9000000 622.5000000 629.0000000 156600
17/08/18 00:00 624.8000000 629.0000000 618.0000000 629.0000000 240420
20/08/18 00:00 623.1000000 639.9000000 620.1000000 632.0000000 305080
21/08/18 00:00 631.4000000 649.0000000 630.7000000 648.5000000 220800
22/08/18 00:00 641.6000000 648.5000000 637.5000000 645.0000000 159610
23/08/18 00:00 643.1000000 649.8000000 643.1000000 649.4000000 71500
24/08/18 00:00 644.3000000 649.2000000 630.0000000 635.0000000 157990
27/08/18 00:00 632.5000000 640.0000000 603.5000000 630.2000000 76070
28/08/18 00:00 626.1000000 632.5000000 591.3000000 596.5000000 213570
29/08/18 00:00 596.6000000 680.0000000 573.3000000 674.0000000 167710
30/08/18 00:00 607.6000000 629.0000000 528.0000000 535.1000000 845800
31/08/18 00:00 534.9000000 548.9000000 505.0000000 505.0000000 240550
03/09/18 00:00 508.2000000 514.9000000 495.2000000 497.6000000 122670
04/09/18 00:00 499.4000000 509.0000000 497.7000000 509.0000000 138400
05/09/18 00:00 509.0000000 516.4000000 505.5000000 512.4000000 92670
06/09/18 00:00 516.2000000 516.6000000 499.1000000 512.0000000 156050
07/09/18 00:00 511.9000000 539.7000000 508.5000000 538.0000000 176220
10/09/18 00:00 539.9000000 549.5000000 527.7000000 547.8000000 62130
11/09/18 00:00 547.8000000 563.6000000 546.2000000 560.7000000 162390
12/09/18 00:00 564.5000000 570.0000000 555.5000000 563.5000000 99660
13/09/18 00:00 566.1000000 569.9000000 557.0000000 564.5000000 54850
14/09/18 00:00 560.0000000 567.9000000 560.0000000 564.0000000 76860
17/09/18 00:00 564.4000000 587.1000000 561.7000000 581.5000000 160230
18/09/18 00:00 579.7000000 590.0000000 577.7000000 581.9000000 224330
19/09/18 00:00 584.6000000 586.4000000 577.0000000 581.0000000 61880
20/09/18 00:00 580.0000000 586.0000000 579.0000000 584.5000000 67990
21/09/18 00:00 584.6000000 585.3000000 577.5000000 584.9000000 37820
24/09/18 00:00 579.3000000 580.0000000 560.0000000 564.9000000 375760
25/09/18 00:00 566.7000000 571.0000000 562.1000000 564.9000000 26970
26/09/18 00:00 565.0000000 567.8000000 561.1000000 565.9000000 37490
27/09/18 00:00 566.0000000 574.5000000 562.1000000 566.8000000 58600
28/09/18 00:00 562.6000000 571.5000000 562.4000000 566.0000000 39650
01/10/18 00:00 567.8000000 569.9000000 558.3000000 560.0000000 29270
02/10/18 00:00 563.0000000 564.4000000 545.4000000 561.0000000 134720
03/10/18 00:00 562.9000000 569.8000000 561.6000000 569.2000000 70280
04/10/18 00:00 568.0000000 582.3000000 561.1000000 578.8000000 300720
05/10/18 00:00 575.2000000 583.0000000 570.4000000 581.0000000 203150
08/10/18 00:00 581.5000000 583.8000000 562.3000000 580.0000000 221650
09/10/18 00:00 581.0000000 584.1000000 575.5000000 580.0000000 60240
10/10/18 00:00 575.1000000 585.3000000 575.1000000 579.5000000 50040
11/10/18 00:00 578.1000000 590.9000000 573.6000000 590.0000000 206300
12/10/18 00:00 585.4000000 594.5000000 585.2000000 591.0000000 48040
15/10/18 00:00 587.1000000 597.8000000 583.1000000 595.0000000 37240
16/10/18 00:00 597.6000000 597.6000000 583.8000000 589.8000000 33530
17/10/18 00:00 586.5000000 594.4000000 584.5000000 592.0000000 51240
18/10/18 00:00 588.7000000 591.0000000 583.0000000 589.7000000 28040
19/10/18 00:00 586.3000000 593.0000000 583.0000000 593.0000000 43910
22/10/18 00:00 587.2000000 597.5000000 580.5000000 589.0000000 74630
23/10/18 00:00 584.5000000 586.2000000 581.1000000 585.0000000 14890
24/10/18 00:00 584.8000000 593.3000000 583.5000000 587.5000000 68850
25/10/18 00:00 587.4000000 597.8000000 580.0000000 584.1000000 37780
26/10/18 00:00 585.2000000 589.8000000 580.0000000 585.0000000 33870
29/10/18 00:00 580.1000000 591.6000000 580.1000000 591.6000000 24750
30/10/18 00:00 585.7000000 595.5000000 585.7000000 590.0000000 9180
31/10/18 00:00 592.7000000 592.8000000 586.0000000 586.0000000 11780
01/11/18 00:00 587.8000000 594.9000000 584.0000000 593.9000000 41690
