01/06/18 00:00 282.3500000 284.8500000 282.1500000 283.1000000 939580
04/06/18 00:00 283.4000000 286.8000000 283.3000000 285.9500000 830320
05/06/18 00:00 286.0000000 290.4000000 285.0500000 285.9000000 1361060
06/06/18 00:00 286.2500000 286.9000000 284.0000000 285.2000000 1150230
07/06/18 00:00 285.6500000 287.9500000 285.0000000 286.0500000 1258180
08/06/18 00:00 285.9000000 285.9500000 282.3500000 283.5500000 1424870
09/06/18 00:00 284.0000000 285.5500000 284.0000000 285.0500000 295390
11/06/18 00:00 285.4000000 285.5500000 281.6000000 283.7000000 698870
13/06/18 00:00 283.1000000 283.7500000 281.7500000 282.7500000 1267820
14/06/18 00:00 282.4500000 284.3500000 281.0500000 281.8500000 2793690
15/06/18 00:00 281.7500000 283.8500000 278.2500000 282.8500000 3400200
18/06/18 00:00 281.7500000 282.3000000 275.2000000 277.5000000 3102510
19/06/18 00:00 276.9500000 279.7500000 274.2000000 276.5500000 3575410
20/06/18 00:00 276.8000000 281.6000000 276.3000000 277.1000000 3858670
21/06/18 00:00 277.2500000 279.7500000 271.2500000 272.9000000 6767870
22/06/18 00:00 274.7500000 275.0500000 252.0000000 264.7500000 16920950
25/06/18 00:00 265.9500000 269.8000000 264.1000000 264.9500000 4279980
26/06/18 00:00 265.4500000 267.6500000 261.5500000 262.0000000 2342620
27/06/18 00:00 263.0000000 267.0000000 262.3500000 266.7000000 2762890
28/06/18 00:00 265.6500000 271.4000000 264.1500000 267.3500000 6002100
29/06/18 00:00 270.9500000 282.3000000 270.1000000 278.1000000 7611170
02/07/18 00:00 280.7500000 285.9000000 279.8000000 284.1000000 4322270
03/07/18 00:00 284.1000000 286.5000000 281.0000000 281.1000000 3377010
04/07/18 00:00 281.9000000 285.0000000 281.4500000 284.0000000 1468930
05/07/18 00:00 284.4000000 288.0000000 283.5000000 288.0000000 4973480
06/07/18 00:00 269.0500000 277.6500000 268.1000000 276.9500000 4971880
09/07/18 00:00 278.0000000 279.7500000 275.3000000 278.8000000 2635990
10/07/18 00:00 277.4500000 278.6500000 273.6500000 273.7500000 2303960
11/07/18 00:00 273.6000000 275.5000000 269.0000000 272.9000000 2061580
12/07/18 00:00 270.6500000 272.8500000 269.1000000 270.0000000 1383340
13/07/18 00:00 271.5000000 273.2000000 269.1000000 269.1500000 2164540
16/07/18 00:00 271.0500000 273.7000000 268.1000000 269.3500000 3097420
17/07/18 00:00 269.0000000 271.3500000 266.0000000 270.4000000 2214100
18/07/18 00:00 271.0000000 271.5500000 268.3000000 269.0000000 1546250
19/07/18 00:00 269.0000000 269.6000000 265.2000000 268.3000000 1857530
20/07/18 00:00 267.7500000 269.5500000 266.1500000 266.3000000 1378530
23/07/18 00:00 267.0000000 267.7000000 260.0000000 262.0000000 3000030
24/07/18 00:00 262.7500000 264.8500000 260.9000000 263.5500000 1686920
25/07/18 00:00 261.3000000 263.4500000 260.6500000 262.8000000 1004880
26/07/18 00:00 263.8000000 264.3500000 261.3000000 263.3000000 974620
27/07/18 00:00 263.6000000 266.9000000 261.9000000 263.9500000 1393160
30/07/18 00:00 263.2000000 264.5000000 257.5000000 261.8500000 1299500
31/07/18 00:00 262.0000000 264.7500000 260.2500000 263.8000000 1554000
01/08/18 00:00 263.8000000 264.4000000 262.0000000 262.3000000 895640
02/08/18 00:00 263.1000000 263.7000000 258.5000000 261.3000000 1947720
03/08/18 00:00 261.3000000 261.5000000 258.6000000 260.8000000 1582080
06/08/18 00:00 261.0000000 263.9000000 260.0000000 261.9500000 1027990
07/08/18 00:00 261.8500000 263.6500000 261.2000000 262.2000000 644390
08/08/18 00:00 260.8500000 261.2500000 255.6000000 257.5000000 2633340
09/08/18 00:00 257.0500000 257.9000000 245.2500000 253.6000000 3981860
10/08/18 00:00 253.8000000 258.5000000 250.1000000 253.7000000 3226250
13/08/18 00:00 252.5000000 255.0000000 250.5000000 253.1000000 1595830
14/08/18 00:00 253.7000000 256.6500000 248.8500000 251.0000000 3347080
15/08/18 00:00 250.8000000 252.7500000 246.6500000 249.8500000 1968190
16/08/18 00:00 249.6500000 252.0000000 248.5500000 248.8000000 1652260
17/08/18 00:00 249.0500000 250.5000000 247.5000000 248.6500000 1676340
20/08/18 00:00 248.9500000 252.0000000 248.4500000 249.1500000 1763990
21/08/18 00:00 249.8500000 253.6500000 248.5000000 253.5000000 2060200
22/08/18 00:00 253.6500000 254.8000000 252.0500000 253.6000000 1580680
23/08/18 00:00 253.8000000 254.9500000 250.4500000 251.9500000 2413700
24/08/18 00:00 252.3000000 252.7000000 248.0000000 251.5500000 1931730
27/08/18 00:00 252.2000000 255.4000000 250.2500000 255.0000000 1032880
28/08/18 00:00 255.2500000 259.5000000 254.5000000 258.9000000 1445450
29/08/18 00:00 258.8500000 263.3000000 258.0500000 260.3500000 1992440
30/08/18 00:00 260.9500000 262.5500000 257.5000000 259.1500000 2165920
31/08/18 00:00 259.2500000 263.3000000 257.1500000 261.9500000 2759230
03/09/18 00:00 261.3500000 263.9500000 261.1000000 263.4500000 777030
04/09/18 00:00 263.5500000 263.9500000 257.0500000 257.3000000 1662110
05/09/18 00:00 257.2000000 258.8500000 254.7500000 257.9500000 2298580
06/09/18 00:00 258.0500000 259.0000000 255.3000000 256.1000000 1307080
07/09/18 00:00 256.5000000 257.3500000 254.5000000 256.0000000 1402090
10/09/18 00:00 255.8000000 257.7500000 252.5000000 255.8500000 2024040
11/09/18 00:00 255.9500000 256.5000000 250.8500000 252.5000000 1619630
12/09/18 00:00 252.8000000 259.3000000 252.5500000 256.6000000 2871780
13/09/18 00:00 258.0500000 267.0000000 258.0500000 264.5000000 3522920
14/09/18 00:00 264.5500000 267.5000000 262.5500000 266.0000000 1211980
17/09/18 00:00 266.8000000 277.8500000 265.4500000 276.6500000 3102380
18/09/18 00:00 276.1000000 279.1500000 272.6000000 279.1500000 3067650
19/09/18 00:00 278.4500000 278.7000000 271.6000000 275.5500000 2836720
20/09/18 00:00 275.0000000 277.5000000 271.3000000 271.6500000 5308090
21/09/18 00:00 271.6500000 276.6500000 270.5000000 276.6500000 2211580
24/09/18 00:00 275.5500000 276.6000000 274.2000000 274.7500000 1072830
25/09/18 00:00 275.4000000 275.7000000 272.7000000 274.0500000 1010910
26/09/18 00:00 274.8500000 275.1000000 269.6000000 269.9000000 1363370
27/09/18 00:00 270.0000000 275.7000000 269.2500000 273.1000000 1624880
28/09/18 00:00 273.3000000 273.3500000 270.6000000 272.5000000 1182080
01/10/18 00:00 272.9000000 275.7000000 271.2500000 274.7000000 1199510
02/10/18 00:00 274.9500000 275.5000000 272.3500000 272.5500000 1537430
03/10/18 00:00 274.1000000 279.5000000 273.1500000 276.3000000 2969410
04/10/18 00:00 276.6000000 278.4500000 274.4500000 276.5000000 2315590
05/10/18 00:00 276.0000000 277.2000000 272.5000000 275.1000000 2008300
08/10/18 00:00 274.0500000 274.8000000 269.8500000 269.9000000 1250960
09/10/18 00:00 270.5000000 271.6000000 264.0000000 264.0000000 1847520
10/10/18 00:00 264.1000000 265.5500000 261.5000000 263.5000000 1363530
11/10/18 00:00 260.8500000 264.3500000 259.0000000 262.4000000 2042480
12/10/18 00:00 262.8000000 267.0000000 261.8000000 266.5000000 1264880
15/10/18 00:00 266.0000000 270.5000000 263.1500000 269.6500000 1333280
16/10/18 00:00 270.6000000 274.0000000 265.5500000 272.4000000 1622290
17/10/18 00:00 272.9500000 273.8000000 270.2500000 271.0500000 879920
18/10/18 00:00 270.9000000 274.4000000 267.2500000 269.0000000 1250620
19/10/18 00:00 269.3000000 273.5500000 268.4500000 270.4000000 1273440
22/10/18 00:00 270.7000000 272.1000000 263.0000000 264.6000000 1022470
23/10/18 00:00 263.7000000 264.5500000 258.5500000 262.2000000 1561520
24/10/18 00:00 262.7500000 267.4000000 262.0000000 262.1500000 1178710
25/10/18 00:00 262.0500000 262.9500000 257.5500000 261.5000000 1596310
26/10/18 00:00 259.3000000 260.1500000 255.1000000 258.3000000 984940
29/10/18 00:00 257.5000000 259.5500000 255.5500000 258.9000000 747960
30/10/18 00:00 258.8000000 258.9500000 255.5500000 257.0000000 784450
31/10/18 00:00 257.7000000 260.4500000 256.5000000 257.6000000 1183120
01/11/18 00:00 257.0500000 258.4500000 253.4500000 258.2500000 2345590
