01/06/18 00:00 384.2000000 386.7500000 381.6500000 382.5500000 1963730
04/06/18 00:00 383.5000000 387.7500000 382.8500000 384.9000000 1332880
05/06/18 00:00 383.6000000 386.3500000 371.4000000 381.9500000 22360970
06/06/18 00:00 382.0000000 382.7500000 377.1000000 380.8000000 2332800
07/06/18 00:00 381.7500000 384.0000000 380.0500000 380.0500000 2226880
08/06/18 00:00 380.5000000 383.7500000 378.4500000 381.0000000 4780600
09/06/18 00:00 381.7000000 382.9500000 381.0500000 382.1500000 229490
11/06/18 00:00 382.8000000 386.5000000 378.8500000 384.5500000 1724980
13/06/18 00:00 385.4500000 386.9000000 381.2000000 382.0000000 2482530
14/06/18 00:00 383.5000000 383.5500000 377.3000000 381.7000000 2799720
15/06/18 00:00 381.0500000 384.5000000 379.0000000 383.2500000 4632370
18/06/18 00:00 381.8500000 389.5000000 379.4000000 387.0000000 4060790
19/06/18 00:00 386.4500000 393.6000000 383.2500000 392.3500000 5224800
20/06/18 00:00 393.1500000 395.9000000 387.7000000 390.2000000 3965920
21/06/18 00:00 390.5000000 395.1500000 387.0500000 392.7500000 4105610
22/06/18 00:00 393.6000000 395.4000000 388.4500000 390.8000000 3211230
25/06/18 00:00 390.0000000 399.6500000 388.7000000 393.9500000 2706590
26/06/18 00:00 395.0500000 397.3500000 388.7000000 389.3000000 2824820
27/06/18 00:00 390.3000000 396.5000000 387.7000000 394.6000000 3046140
28/06/18 00:00 394.9500000 399.8500000 394.0000000 396.5000000 3636660
29/06/18 00:00 391.2000000 396.2000000 391.0500000 396.1500000 2774360
02/07/18 00:00 394.5000000 398.8000000 392.5000000 394.7000000 2675620
03/07/18 00:00 393.9500000 394.7000000 388.3500000 389.9500000 2400890
04/07/18 00:00 390.8500000 393.7500000 388.3500000 393.2500000 1733770
05/07/18 00:00 392.9000000 406.0500000 391.9500000 406.0500000 3869930
06/07/18 00:00 405.0000000 405.0000000 398.8000000 403.4000000 2320140
09/07/18 00:00 402.4000000 410.4500000 402.4000000 408.1500000 2540300
10/07/18 00:00 409.7000000 419.0000000 407.2500000 413.2000000 5869520
11/07/18 00:00 412.0000000 414.1500000 407.1500000 409.8500000 3953430
12/07/18 00:00 407.0000000 408.4500000 399.6000000 406.4500000 3584990
13/07/18 00:00 407.1000000 412.0000000 403.4500000 406.9000000 2571410
16/07/18 00:00 406.3000000 411.9000000 404.0000000 407.3000000 2911660
17/07/18 00:00 406.4500000 406.5000000 398.1500000 399.5000000 2698840
18/07/18 00:00 401.0000000 402.2000000 396.7000000 400.9000000 2843760
19/07/18 00:00 401.1000000 403.3000000 397.2000000 400.5000000 1424280
20/07/18 00:00 401.0500000 401.5000000 391.1000000 393.2500000 2720720
23/07/18 00:00 394.0500000 396.3500000 391.4000000 394.5000000 1390070
24/07/18 00:00 394.5500000 395.1000000 390.3500000 394.9000000 1311170
25/07/18 00:00 392.4500000 396.5500000 390.8500000 395.8000000 1772750
26/07/18 00:00 396.1000000 400.0000000 393.8500000 397.3500000 1636170
27/07/18 00:00 397.3500000 404.4000000 397.3500000 403.5000000 2318060
30/07/18 00:00 400.4000000 407.0000000 399.0000000 406.4500000 1621690
31/07/18 00:00 407.0000000 419.0000000 405.6000000 419.0000000 4500220
01/08/18 00:00 418.5000000 419.8000000 412.1000000 416.6000000 3022490
02/08/18 00:00 417.1500000 419.4500000 413.6500000 416.8000000 2378050
03/08/18 00:00 416.7000000 416.7000000 407.2000000 411.2500000 2831540
06/08/18 00:00 412.5500000 422.6000000 412.5000000 419.3500000 4753690
07/08/18 00:00 420.6000000 432.4500000 420.6000000 427.9000000 9938470
08/08/18 00:00 427.0000000 430.0000000 418.8000000 429.0000000 4125840
09/08/18 00:00 427.5500000 432.3000000 424.3000000 432.3000000 3231420
10/08/18 00:00 429.7000000 441.1500000 429.7000000 433.2500000 4112690
13/08/18 00:00 430.1000000 439.9500000 429.0000000 437.2000000 3681090
14/08/18 00:00 439.7500000 442.0000000 430.0000000 431.3000000 2616790
15/08/18 00:00 430.0500000 433.2500000 425.0500000 428.5500000 3822780
16/08/18 00:00 428.5500000 430.0000000 422.1000000 422.3000000 2657740
17/08/18 00:00 423.2000000 427.8500000 421.0000000 425.8000000 2124400
20/08/18 00:00 426.5000000 429.9000000 418.0500000 427.0000000 1097570
21/08/18 00:00 427.8000000 434.0000000 425.8500000 434.0000000 2407070
22/08/18 00:00 434.5000000 440.0000000 432.4000000 437.3000000 2391810
23/08/18 00:00 437.8000000 441.2500000 426.2500000 430.0000000 2422390
24/08/18 00:00 430.8000000 431.9000000 425.0000000 428.1000000 2823450
27/08/18 00:00 429.2500000 434.7500000 426.5000000 434.7500000 1686230
28/08/18 00:00 435.1500000 437.9500000 432.1500000 436.0000000 2269900
29/08/18 00:00 436.0000000 444.9500000 435.3500000 440.5000000 2671240
30/08/18 00:00 444.3000000 444.3000000 435.0000000 437.0000000 2553240
31/08/18 00:00 435.0000000 438.2500000 430.9500000 435.7000000 2589100
03/09/18 00:00 435.7000000 439.7000000 432.4000000 438.7500000 1167230
04/09/18 00:00 439.0000000 444.8500000 436.8500000 439.3500000 1614180
05/09/18 00:00 438.1000000 440.5000000 434.4500000 434.5000000 1819000
06/09/18 00:00 435.0000000 439.0000000 433.2000000 436.0500000 1680510
07/09/18 00:00 436.0000000 441.5500000 432.4000000 439.5500000 1628860
10/09/18 00:00 438.9500000 449.4500000 438.9500000 449.4500000 2122120
11/09/18 00:00 449.4500000 451.3500000 446.0000000 448.8000000 2333060
12/09/18 00:00 449.4000000 453.3500000 441.1500000 444.9000000 3876680
13/09/18 00:00 445.4500000 445.8500000 438.5000000 442.4000000 1911370
14/09/18 00:00 442.1500000 443.7000000 437.8500000 441.3500000 2117460
17/09/18 00:00 442.6500000 445.0000000 437.5500000 441.3000000 2204120
18/09/18 00:00 440.8500000 442.0000000 435.7500000 440.4000000 2487600
19/09/18 00:00 440.8500000 442.7500000 436.8000000 437.8500000 2326580
20/09/18 00:00 438.3000000 444.8500000 438.0000000 438.7000000 5952590
21/09/18 00:00 439.9500000 443.9000000 434.4500000 440.4000000 4403530
24/09/18 00:00 442.1500000 449.4000000 440.4500000 447.0500000 3190550
25/09/18 00:00 449.8500000 460.3500000 446.5500000 460.0000000 4019100
26/09/18 00:00 460.1500000 464.5000000 454.7000000 458.5000000 4066550
27/09/18 00:00 457.9500000 478.0000000 456.7000000 478.0000000 5731090
28/09/18 00:00 478.1500000 495.0000000 476.4500000 493.0000000 8519880
01/10/18 00:00 495.9500000 499.0000000 487.8000000 494.0500000 3743390
02/10/18 00:00 497.0000000 498.8000000 489.0000000 491.4000000 2790350
03/10/18 00:00 492.1000000 512.2500000 491.5000000 512.0000000 6130290
04/10/18 00:00 512.0000000 522.8000000 500.8500000 508.2000000 7279670
05/10/18 00:00 506.0000000 516.0000000 498.3500000 503.0000000 4824100
08/10/18 00:00 490.5500000 492.4500000 478.0500000 479.4500000 5006670
09/10/18 00:00 481.2000000 483.7000000 473.1000000 473.1000000 4146770
10/10/18 00:00 473.3000000 475.8000000 466.7000000 468.7500000 4821490
11/10/18 00:00 462.0000000 467.0500000 458.1500000 462.5500000 4428490
12/10/18 00:00 464.7500000 468.7500000 463.6500000 465.1000000 2780850
15/10/18 00:00 468.2500000 469.2500000 460.2000000 462.0500000 1796470
16/10/18 00:00 462.5000000 472.0000000 462.0000000 468.7000000 2711600
17/10/18 00:00 470.2000000 472.9000000 466.0000000 467.8500000 3916290
18/10/18 00:00 467.3000000 469.5000000 462.6500000 466.6000000 2027400
19/10/18 00:00 466.3500000 474.3000000 464.6000000 467.0000000 2747250
22/10/18 00:00 469.0000000 473.6500000 463.6000000 465.3000000 2574900
23/10/18 00:00 464.0000000 464.9000000 450.3000000 455.0000000 4362310
24/10/18 00:00 456.4500000 468.1000000 455.2500000 463.5000000 3133270
25/10/18 00:00 461.9000000 463.0000000 453.5000000 458.4000000 3093740
26/10/18 00:00 458.3000000 458.6500000 448.9000000 453.3000000 2884840
29/10/18 00:00 454.4500000 459.9500000 453.0500000 458.5000000 1751230
30/10/18 00:00 457.5500000 461.7000000 443.0500000 453.7000000 2311600
31/10/18 00:00 457.0000000 467.0000000 456.2000000 460.4500000 4347190
01/11/18 00:00 460.0000000 463.9500000 455.5000000 460.0000000 3199600
